 8.375e+009 5.18e+017
 8.476e+009 1.516e+017
 8.576e+009 4.568e+016
 8.677e+009 1.415e+016
 8.777e+009 4.502e+015
 8.878e+009 1.47e+015
 8.979e+009 5.06e+014
 9.08e+009 1.786e+014
 9.181e+009 6.457e+013
 9.282e+009 2.39e+013
 9.383e+009 9.049e+012
 9.485e+009 3.32e+012
 9.586e+009 1.094e+011
 9.687e+009 2.079e+008
 9.788e+009 2.082e+006
 9.889e+009 5.67e+004
 9.99e+009    2713
 1.009e+010   193.9
 1.019e+010   20.71
 1.029e+010   8.959
 1.039e+010   8.937
 1.05e+010   10.26
 1.06e+010   13.23
 1.07e+010   14.23
 1.08e+010   16.89
 1.09e+010    18.8
 1.1e+010   20.81
 1.11e+010    18.7
 1.12e+010   21.26
 1.13e+010   21.61
 1.141e+010   20.83
 1.151e+010   19.59
 1.161e+010    25.5
 1.171e+010   24.81
 1.181e+010    26.5
 1.191e+010   26.61
 1.201e+010   29.43
 1.211e+010   26.07
 1.221e+010   29.17
 1.232e+010   26.39
 1.242e+010   33.09
 1.252e+010   31.73
 1.262e+010   33.77
 1.272e+010   31.87
 1.282e+010   29.57
 1.292e+010   28.17
 1.302e+010   30.07
 1.312e+010   30.83
 1.323e+010   34.26
 1.333e+010   33.86
 1.343e+010      34
 1.353e+010   31.42
 1.363e+010   32.37
 1.373e+010   31.91
 1.383e+010   34.59
 1.393e+010   36.93
 1.403e+010   35.01
 1.414e+010   33.38
 1.424e+010   32.67
 1.434e+010   34.18
 1.444e+010   33.82
 1.454e+010   34.56
 1.464e+010   33.39
 1.474e+010   34.76
 1.484e+010   34.44
 1.494e+010   40.15
 1.505e+010   34.91
 1.515e+010   33.46
 1.525e+010   36.26
 1.535e+010   38.31
 1.545e+010   38.85
 1.555e+010   39.86
 1.565e+010   36.33
 1.575e+010   37.69
 1.586e+010   35.75
 1.596e+010      41
 1.606e+010   39.27
 1.616e+010   40.66
 1.626e+010   37.21
 1.636e+010   40.03
 1.646e+010   34.67
 1.656e+010   34.98
 1.666e+010   44.16
 1.677e+010   38.26
 1.687e+010   36.07
 1.697e+010    41.8
 1.707e+010    43.3
 1.717e+010   40.11
 1.727e+010   35.76
 1.737e+010   40.21
 1.747e+010   40.51
 1.757e+010   40.58
 1.768e+010   38.88
 1.778e+010   41.62
 1.788e+010   43.38
 1.798e+010   39.43
 1.808e+010   45.12
 1.818e+010   42.74
 1.828e+010   40.95
 1.838e+010   42.03
 1.848e+010   43.47
 1.859e+010   44.63
 1.869e+010    35.5
 1.879e+010   43.11
 1.889e+010   39.48
 1.899e+010   44.36
 1.909e+010   40.59
 1.919e+010   35.97
 1.929e+010   41.03
 1.939e+010   45.64
 1.95e+010   40.76
 1.96e+010   42.35
 1.97e+010   44.96
 1.98e+010   45.14
 1.99e+010   44.47
  2e+010   42.32
 2.01e+010   40.59
 2.02e+010   45.26
 2.03e+010   41.11
 2.041e+010   40.03
 2.051e+010   42.37
 2.061e+010   42.92
 2.071e+010   41.18
 2.081e+010   44.94
 2.091e+010   41.75
 2.101e+010   45.43
 2.111e+010   46.09
 2.121e+010    41.8
 2.132e+010   40.98
 2.142e+010   47.33
 2.152e+010   45.78
 2.162e+010   44.38
 2.172e+010   47.42
 2.182e+010   43.64
 2.192e+010   42.17
 2.202e+010   43.61
 2.212e+010   41.44
 2.223e+010   50.22
 2.233e+010   43.13
 2.243e+010   41.54
 2.253e+010    39.2
 2.263e+010   43.46
 2.273e+010   43.37
 2.283e+010   44.36
 2.293e+010   42.04
 2.303e+010   45.66
 2.314e+010   49.29
 2.324e+010    43.8
 2.334e+010   45.39
 2.344e+010   43.65
 2.354e+010   41.71
 2.364e+010   47.38
 2.374e+010   42.73
 2.384e+010   46.61
 2.394e+010   48.17
 2.405e+010   46.23
 2.415e+010   46.26
 2.425e+010    40.3
 2.435e+010   47.58
 2.445e+010   46.34
 2.455e+010   46.46
 2.465e+010   52.28
 2.475e+010   48.06
 2.485e+010   43.61
 2.496e+010   51.15
 2.506e+010   46.95
 2.516e+010   52.19
 2.526e+010   45.68
 2.536e+010   45.51
 2.546e+010   44.33
 2.556e+010   44.55
 2.566e+010   48.81
 2.576e+010   42.11
 2.587e+010    45.9
 2.597e+010    46.2
 2.607e+010   44.21
 2.617e+010   44.71
 2.627e+010   47.99
 2.637e+010   48.94
 2.647e+010   43.86
 2.657e+010   50.07
 2.667e+010   49.54
 2.678e+010   51.24
 2.688e+010   52.67
 2.698e+010   42.23
 2.708e+010   48.68
 2.718e+010   50.85
 2.728e+010    46.2
 2.738e+010   42.44
 2.748e+010   48.45
 2.758e+010   47.16
 2.769e+010   48.55
 2.779e+010   52.11
 2.789e+010   46.59
 2.799e+010   46.07
 2.809e+010   46.75
 2.819e+010   48.09
 2.829e+010   49.81
 2.839e+010   48.43
 2.849e+010   49.41
 2.86e+010   50.18
 2.87e+010   50.48
 2.88e+010   50.48
 2.89e+010   42.14
 2.9e+010   46.89
 2.91e+010   49.12
