# Column 1: pressure in bar (1e-8 to 100)
# Column 2: Cr equilibrium condensation temperature in K
# Column 3: Fe equilibrium condensation temperature in K
# Column 4: Mg2SiO4 equilibrium condensation temperature in K
# Column 5: MgSiO3 equilibrium condensation temperature in K
# Column 6: Mn equilibrium condensation temperature in K
# Column 7: MnS equilibrium condensation temperature in K
# Column 8: Na2S equilibrium condensation temperature in K
# Column 9: ZnS equilibrium condensation temperature in K
# Column 10: KCl equilibrium condensation temperature in K
# Column 11: NH4SH equilibrium condensation temperature in K
# Column 12: H2S equilibrium condensation temperature in K
# Column 13: NH4H2PO4 equilibrium condensation temperature in K
1.000e-09   876.09   980.37  1005.78   989.59   606.53   829.11   568.84   514.11   470.91   110.98    58.53   189.75
1.262e-09   879.65   984.53  1009.47   993.00   609.02   831.98   571.09   515.78   472.78   111.44    58.77   190.51
1.592e-09   883.25   988.78  1013.20   996.44   611.56   834.87   573.37   517.45   474.68   111.92    59.03   191.28
2.008e-09   886.91   993.10  1016.96   999.90   614.13   837.79   575.67   519.14   476.60   112.41    59.29   192.06
2.533e-09   890.61   997.51  1020.76  1003.40   616.74   840.74   578.01   520.85   478.55   112.90    59.56   192.85
3.196e-09   894.37  1002.01  1024.59  1006.92   619.39   843.71   580.37   522.56   480.53   113.40    59.84   193.65
4.032e-09   898.17  1006.58  1028.47  1010.48   622.08   846.70   582.76   524.29   482.52   113.91    60.12   194.46
5.087e-09   902.02  1011.22  1032.38  1014.06   624.80   849.72   585.18   526.03   484.54   114.43    60.40   195.28
6.417e-09   905.92  1015.95  1036.32  1017.68   627.56   852.77   587.62   527.79   486.58   114.96    60.70   196.11
8.096e-09   909.87  1020.75  1040.30  1021.32   630.35   855.84   590.09   529.56   488.65   115.49    61.00   196.95
1.021e-08   913.86  1025.62  1044.32  1025.00   633.18   858.93   592.59   531.34   490.74   116.04    61.30   197.79
1.289e-08   917.90  1030.57  1048.38  1028.70   636.05   862.05   595.12   533.13   492.85   116.59    61.61   198.65
1.626e-08   921.99  1035.60  1052.47  1032.43   638.95   865.20   597.67   534.94   494.99   117.14    61.92   199.52
2.051e-08   926.12  1040.69  1056.60  1036.20   641.88   868.37   600.25   536.76   497.15   117.71    62.25   200.40
2.587e-08   930.30  1045.86  1060.76  1039.99   644.85   871.57   602.86   538.59   499.33   118.28    62.57   201.28
3.264e-08   934.53  1051.10  1064.96  1043.82   647.86   874.79   605.49   540.44   501.53   118.86    62.90   202.18
4.118e-08   938.80  1056.40  1069.20  1047.67   650.89   878.04   608.16   542.30   503.76   119.45    63.24   203.09
5.195e-08   943.12  1061.78  1073.48  1051.55   653.97   881.32   610.84   544.17   506.01   120.04    63.58   204.00
6.554e-08   947.48  1067.23  1077.79  1055.47   657.07   884.62   613.56   546.06   508.29   120.65    63.93   204.93
8.269e-08   951.90  1072.74  1082.14  1059.42   660.22   887.94   616.30   547.96   510.58   121.26    64.28   205.86
1.043e-07   956.35  1078.33  1086.52  1063.39   663.39   891.29   619.07   549.88   512.90   121.87    64.63   206.80
1.316e-07   960.86  1083.98  1090.95  1067.40   666.60   894.67   621.86   551.81   515.25   122.50    65.00   207.76
1.660e-07   965.41  1089.71  1095.41  1071.44   669.85   898.08   624.69   553.75   517.61   123.13    65.36   208.72
2.095e-07   970.00  1095.50  1099.91  1075.51   673.13   901.51   627.54   555.71   520.00   123.77    65.73   209.69
2.643e-07   974.65  1101.35  1104.45  1079.61   676.44   904.97   630.41   557.68   522.41   124.42    66.11   210.67
3.334e-07   979.34  1107.28  1109.03  1083.75   679.79   908.46   633.32   559.66   524.85   125.07    66.49   211.67
4.206e-07   984.07  1113.28  1113.64  1087.92   683.17   911.97   636.25   561.66   527.31   125.73    66.88   212.67
5.306e-07   988.86  1119.34  1118.30  1092.12   686.59   915.51   639.21   563.68   529.79   126.40    67.27   213.68
6.694e-07   993.69  1125.47  1122.99  1096.35   690.04   919.08   642.20   565.70   532.30   127.07    67.66   214.70
8.445e-07   998.57  1131.68  1127.73  1100.61   693.53   922.68   645.22   567.75   534.83   127.76    68.06   215.73
1.065e-06  1003.50  1137.95  1132.51  1104.91   697.06   926.31   648.27   569.81   537.39   128.45    68.47   216.77
1.344e-06  1008.48  1144.29  1137.32  1109.25   700.62   929.96   651.34   571.88   539.97   129.15    68.88   217.82
1.696e-06  1013.51  1150.71  1142.18  1113.61   704.21   933.65   654.45   573.97   542.57   129.85    69.29   218.88
2.139e-06  1018.59  1157.19  1147.08  1118.02   707.85   937.36   657.58   576.07   545.20   130.56    69.71   219.96
2.699e-06  1023.71  1163.75  1152.02  1122.45   711.52   941.10   660.75   578.19   547.86   131.29    70.13   221.04
3.405e-06  1028.89  1170.38  1157.00  1126.92   715.23   944.87   663.94   580.32   550.54   132.01    70.56   222.13
4.296e-06  1034.13  1177.08  1162.03  1131.43   718.98   948.67   667.17   582.48   553.25   132.75    71.00   223.23
5.419e-06  1039.41  1183.86  1167.10  1135.97   722.76   952.51   670.42   584.64   555.98   133.50    71.44   224.35
6.837e-06  1044.75  1190.72  1172.21  1140.55   726.59   956.37   673.71   586.82   558.74   134.25    71.88   225.47
8.625e-06  1050.14  1197.65  1177.37  1145.17   730.45   960.27   677.03   589.02   561.53   135.01    72.33   226.61
1.088e-05  1055.58  1204.66  1182.57  1149.82   734.36   964.19   680.38   591.24   564.35   135.78    72.79   227.76
1.373e-05  1061.09  1211.75  1187.82  1154.51   738.30   968.15   683.76   593.47   567.19   136.56    73.25   228.92
1.732e-05  1066.64  1218.92  1193.11  1159.24   742.29   972.14   687.18   595.72   570.06   137.35    73.72   230.09
2.185e-05  1072.26  1226.17  1198.45  1164.01   746.32   976.16   690.63   597.98   572.96   138.14    74.19   231.27
2.757e-05  1077.93  1233.50  1203.84  1168.82   750.39   980.22   694.12   600.27   575.89   138.95    74.67   232.46
3.478e-05  1083.66  1240.92  1209.28  1173.66   754.51   984.31   697.63   602.57   578.85   139.76    75.15   233.67
4.387e-05  1089.45  1248.43  1214.76  1178.55   758.67   988.43   701.19   604.88   581.83   140.58    75.64   234.89
5.535e-05  1095.30  1256.02  1220.30  1183.47   762.87   992.59   704.78   607.22   584.85   141.42    76.14   236.12
6.983e-05  1101.21  1263.71  1225.88  1188.44   767.12   996.79   708.41   609.57   587.90   142.26    76.64   237.36
8.810e-05  1107.19  1271.48  1231.52  1193.45   771.42  1001.01   712.07   611.94   590.98   143.11    77.15   238.62
1.111e-04  1113.23  1279.35  1237.21  1198.50   775.76  1005.28   715.77   614.33   594.09   143.97    77.66   239.89
1.402e-04  1119.34  1287.31  1242.94  1203.59   780.16  1009.58   719.51   616.74   597.24   144.84    78.19   241.17
1.769e-04  1125.51  1295.37  1248.74  1208.73   784.60  1013.92   723.29   619.17   600.42   145.73    78.71   242.47
2.232e-04  1131.75  1303.53  1254.58  1213.91   789.09  1018.29   727.10   621.61   603.63   146.62    79.25   243.78
2.815e-04  1138.05  1311.79  1260.48  1219.14   793.63  1022.70   730.96   624.08   606.87   147.52    79.79   245.11
3.552e-04  1144.43  1320.16  1266.44  1224.41   798.23  1027.15   734.86   626.56   610.15   148.44    80.34   246.44
4.481e-04  1150.88  1328.63  1272.45  1229.72   802.87  1031.64   738.80   629.07   613.47   149.36    80.90   247.80
5.653e-04  1157.40  1337.21  1278.52  1235.08   807.57  1036.17   742.78   631.59   616.82   150.30    81.47   249.17
7.132e-04  1164.00  1345.90  1284.65  1240.49   812.33  1040.74   746.80   634.14   620.21   151.25    82.04   250.55
8.998e-04  1170.67  1354.70  1290.83  1245.95   817.14  1045.34   750.87   636.71   623.63   152.21    82.62   251.95
1.135e-03  1177.42  1363.62  1297.08  1251.45   822.01  1049.99   754.98   639.29   627.10   153.19    83.21   253.37
1.432e-03  1184.24  1372.66  1303.39  1257.00   826.94  1054.68   759.14   641.90   630.60   154.17    83.81   254.80
1.807e-03  1191.15  1381.82  1309.76  1262.61   831.93  1059.42   763.35   644.53   634.14   155.17    84.42   256.24
2.279e-03  1198.13  1391.10  1316.19  1268.26   836.98  1064.19   767.60   647.18   637.72   156.18    85.03   257.71
2.876e-03  1205.21  1400.51  1322.68  1273.96   842.09  1069.01   771.90   649.85   641.34   157.21    85.66   259.19
3.628e-03  1212.36  1410.05  1329.24  1279.72   847.27  1073.88   776.25   652.55   645.01   158.25    86.29   260.69
4.577e-03  1219.60  1419.72  1335.87  1285.53   852.51  1078.78   780.64   655.27   648.72   159.30    86.94   262.20
5.774e-03  1226.93  1429.52  1342.56  1291.39   857.81  1083.74   785.09   658.01   652.47   160.37    87.59   263.73
7.284e-03  1234.35  1439.47  1349.32  1297.30   863.18  1088.73   789.59   660.77   656.26   161.45    88.25   265.29
9.190e-03  1241.86  1449.56  1356.15  1303.27   868.62  1093.78   794.14   663.56   660.10   162.55    88.93   266.86
1.159e-02  1249.46  1459.79  1363.05  1309.30   874.14  1098.87   798.75   666.37   663.98   163.66    89.61   268.45
1.463e-02  1257.16  1470.17  1370.02  1315.38   879.72  1104.01   803.41   669.20   667.92   164.79    90.31   270.05
1.845e-02  1264.96  1480.71  1377.06  1321.52   885.37  1109.20   808.13   672.06   671.90   165.93    91.02   271.68
2.328e-02  1272.85  1491.40  1384.18  1327.71   891.10  1114.44   812.90   674.94   675.92   167.09    91.74   273.33
2.937e-02  1280.84  1502.25  1391.37  1333.97   896.91  1119.73   817.73   677.85   680.00   168.27    92.47   275.00
3.705e-02  1288.94  1513.26  1398.64  1340.29   902.79  1125.07   822.61   680.79   684.13   169.47    93.21   276.69
4.674e-02  1297.14  1524.44  1405.98  1346.66   908.76  1130.46   827.56   683.75   688.30   170.68    93.97   278.40
5.897e-02  1305.45  1535.79  1413.40  1353.10   914.80  1135.91   832.57   686.73   692.53   171.91    94.73   280.13
7.440e-02  1313.87  1547.31  1420.90  1359.60   920.93  1141.40   837.64   689.74   696.82   173.15    95.51   281.89
9.386e-02  1322.40  1559.01  1428.49  1366.16   927.14  1146.95   842.77   692.78   701.15   174.42    96.31   283.66
1.184e-01  1331.04  1570.90  1436.15  1372.79   933.43  1152.56   847.97   695.85   705.55   175.71    97.12   285.46
1.494e-01  1339.80  1582.97  1443.90  1379.48   939.81  1158.22   853.23   698.94   709.99   177.01    97.94   287.28
1.885e-01  1348.67  1595.23  1451.73  1386.24   946.29  1163.94   858.56   702.06   714.50   178.34    98.78   289.13
2.378e-01  1357.67  1607.68  1459.65  1393.06   952.85  1169.71   863.96   705.21   719.06   179.68    99.63   291.00
3.000e-01  1366.78  1620.34  1467.65  1399.95   959.50  1175.54   869.42   708.39   723.69   181.05   100.49   292.90
3.784e-01  1376.02  1633.19  1475.75  1406.91   966.25  1181.43   874.96   711.59   728.37   182.43   101.37   294.82
4.774e-01  1385.39  1646.26  1483.93  1413.94   973.10  1187.38   880.56   714.83   733.11   183.84   102.27   296.76
6.023e-01  1394.88  1659.54  1492.21  1421.05   980.05  1193.39   886.24   718.09   737.92   185.27   103.19   298.73
7.599e-01  1404.51  1673.03  1500.58  1428.22   987.09  1199.46   892.00   721.39   742.79   186.73   104.12   300.73
9.586e-01  1414.27  1686.74  1509.04  1435.47   994.24  1205.60   897.82   724.72   747.72   188.20   105.06   302.76
1.209e+00  1424.17  1700.68  1517.60  1442.79  1001.49  1211.79   903.73   728.07   752.72   189.70   106.03   304.81
1.526e+00  1434.21  1714.86  1526.26  1450.18  1008.84  1218.05   909.71   731.46   757.79   191.23   107.01   306.89
1.925e+00  1444.38  1729.26  1535.01  1457.65  1016.31  1224.38   915.77   734.88   762.93   192.77   108.01   309.00
2.428e+00  1454.71  1743.91  1543.87  1465.20  1023.88  1230.77   921.92   738.33   768.13   194.35   109.03   311.14
3.064e+00  1465.17  1758.80  1552.83  1472.82  1031.57  1237.23   928.14   741.81   773.41   195.95   110.07   313.30
3.865e+00  1475.79  1773.95  1561.89  1480.53  1039.37  1243.75   934.45   745.33   778.76   197.57   111.12   315.50
4.876e+00  1486.56  1789.35  1571.05  1488.31  1047.29  1250.34   940.84   748.88   784.18   199.22   112.20   317.73
6.152e+00  1497.49  1805.01  1580.33  1496.18  1055.33  1257.01   947.32   752.46   789.68   200.90   113.30   319.99
7.761e+00  1508.57  1820.94  1589.71  1504.13  1063.48  1263.74   953.89   756.08   795.25   202.60   114.41   322.28
9.791e+00  1519.81  1837.14  1599.20  1512.16  1071.76  1270.55   960.54   759.73   800.90   204.34   115.55   324.60
1.235e+01  1531.22  1853.61  1608.80  1520.28  1080.17  1277.42   967.29   763.42   806.62   206.10   116.71   326.95
1.558e+01  1542.79  1870.37  1618.52  1528.49  1088.70  1284.37   974.13   767.14   812.43   207.89   117.90   329.34
1.966e+01  1554.53  1887.42  1628.35  1536.78  1097.36  1291.40   981.06   770.90   818.32   209.71   119.10   331.76
2.480e+01  1566.44  1904.76  1638.30  1545.16  1106.16  1298.50   988.09   774.69   824.29   211.56   120.33   334.22
3.129e+01  1578.53  1922.40  1648.37  1553.62  1115.09  1305.68   995.22   778.52   830.34   213.44   121.58   336.71
3.948e+01  1590.79  1940.34  1658.55  1562.18  1124.15  1312.93  1002.44   782.39   836.48   215.36   122.86   339.23
4.980e+01  1603.24  1958.60  1668.86  1570.84  1133.36  1320.27  1009.77   786.30   842.71   217.30   124.16   341.80
6.283e+01  1615.87  1977.17  1679.29  1579.58  1142.70  1327.68  1017.19   790.24   849.02   219.28   125.48   344.40
7.927e+01  1628.69  1996.07  1689.85  1588.42  1152.19  1335.17  1024.72   794.22   855.43   221.29   126.83   347.03
1.000e+02  1641.69  2015.30  1700.53  1597.35  1161.83  1342.75  1032.36   798.25   861.92   223.33   128.21   349.71
